999;1234;9856;Florencia;23
999;56789;96325;Añoranza;54
999;98753;2475;Pura Vida;105
999;1234;9856;Lluvia Fresca;30
999;1001;1001;Spirit;10
999;1002;1002;Hope;20
999;1003;1003;Hamilton;30
999;1004;1004;Megazord;40
999;1005;1005;Hakai;50
999;1006;1006;Menta;10
999;1007;1007;Nueva Republica;20
999;1008;1008;Imperio;30
999;1009;1009;Honestly;40
999;1010;1010;Japan;50
888;1011;1011;US America;10
888;1012;1012;Hellblazer;20
888;1013;1013;Omega;30
888;1014;1014;Super Star;40
888;1015;1015;Kamen;50
888;1016;1016;Ramen;10
888;1017;1017;Mini Star;20
888;1018;1018;Rapid Dash;30
888;1019;1019;Fire Emblematic;40
888;1020;1020;Water Emblematic;50
777;1021;1021;Wind Emblematic;10
777;1022;1022;Ground Emblematic;20
777;1023;1023;Neo Emblematic;30
777;1024;1024;Omega Saphiro;40
777;1025;1025;Alpha Ruby;50
777;1026;1026;Saint Josepht;10
777;1027;1027;Saint Kaido;20
777;1028;1028;Ultra Hotel;30
777;1029;1029;Nueva Vista;40
777;1030;1030;Vistoria;50
999;1010;1010;AAA BBB;50
888;1011;1011;AAA BBB;10
888;1012;1012;AAA BBB;20
888;1013;1013;AAA BBB;30
777;1024;1024;BBB AAA;40
777;1025;1025;BBB AAA;50
777;1026;1026;BBB AAA;10
777;1027;1027;BBB AAA;20